4.170220047025538501e-01
7.203244934421987322e-01
1.143748173844105764e-04
3.023325726318530360e-01
1.467558908170742971e-01
9.233859476878836237e-02
1.862602113776936352e-01
3.455607270430457456e-01
3.967674742306752655e-01
5.388167340033613861e-01
4.191945144032931392e-01
6.852195003967112008e-01
2.044522497315225396e-01
8.781174363909425296e-01
2.738759319795341929e-02
6.704675101784431934e-01
4.173048023671644957e-01
5.586898284457497699e-01
1.403869385952357662e-01
1.981014890849255305e-01
8.007445686755378933e-01
9.682615757194037442e-01
3.134241781592504439e-01
6.923226156693005340e-01
8.763891522960178815e-01
8.946066635038378845e-01
8.504421136980022666e-02
3.905478323294536702e-02
1.698304195645346515e-01
8.781425034294230159e-01
9.834683383305387050e-02
4.211076250050533876e-01
9.578895301505292448e-01
5.331652849730017518e-01
6.918771139504636958e-01
3.155156310060723834e-01
6.865009276816285144e-01
8.346256718973515953e-01
1.828827734426230478e-02
7.501443149449784631e-01
9.888610889064577414e-01
7.481656543798789194e-01
2.804439920645036555e-01
7.892793284515258190e-01
1.032260065776535729e-01
4.478935261758828501e-01
9.085955030931407439e-01
2.936141483737046975e-01
2.877753385863628388e-01
1.300285721182781185e-01
1.936695787029774074e-02
6.788355329399127225e-01
2.116281160000227368e-01
2.655466593722697888e-01
4.915731592803969097e-01
5.336254511709015436e-02
5.741176054920249516e-01
1.467285749058473421e-01
5.893055369033359803e-01
6.997583600209402732e-01
1.023344288278038583e-01
4.140559878195250176e-01
6.944001577277019166e-01
4.141792695269385094e-01
4.995345894606972870e-02
5.358964059155312265e-01
6.637946452197656111e-01
5.148891120583114489e-01
9.445947559908065561e-01
5.865550405019588354e-01
9.034019152878981496e-01
1.374747041462355268e-01
1.392763472507881906e-01
8.073912887095352486e-01
3.976768369855205876e-01
1.653541971169194547e-01
9.275085803960141373e-01
3.477658597455370870e-01
7.508121031361418840e-01
7.259979853504345826e-01
8.833060912057987268e-01
6.236722070556326436e-01
7.509424340273396226e-01
3.488983419778749484e-01
2.699278917650137499e-01
8.958862181961102511e-01
4.280911898712955743e-01
9.648400471483706831e-01
6.634414978184133282e-01
6.216957202091129009e-01
1.147459729534103801e-01
9.494892587070188350e-01
4.499121334799170979e-01
5.783896143870911333e-01
4.081368027612688465e-01
2.370269802430324813e-01
9.033795205622692226e-01
5.736794866722429997e-01
2.870327031148978136e-03
6.171449136207052266e-01
