2.286402930786321974e+01
2.440692098847228664e+01
2.558876029160403931e+01
2.258041914046281207e+01
2.570340935564239970e+01
2.428288199574691930e+01
2.373484239163001064e+01
2.301870564723876100e+01
2.557512522379216691e+01
2.454908470210901328e+01
2.298456462609664186e+01
2.628832919185862238e+01
2.483134214587831323e+01
2.592163537654366579e+01
2.304827443185177316e+01
2.723061913872956197e+01
2.448171287492674963e+01
2.502266855459028960e+01
2.584445974088679776e+01
2.353674138565619600e+01
2.290728117048447388e+01
2.605336718619822989e+01
2.509685090223243265e+01
2.357612194537826866e+01
2.439127452014514930e+01
2.470105172903791768e+01
2.726516613658760946e+01
2.242813034888811075e+01
2.595982695805287932e+01
2.249484205296166550e+01
2.522900765553261948e+01
2.396076520444947988e+01
2.438322830628037963e+01
2.501509279066538127e+01
2.419870746265173977e+01
2.197156288448648809e+01
2.331131127657592117e+01
2.243449483152357260e+01
2.340919951651131825e+01
1.946410792777189158e+01
2.391065099290176832e+01
2.515372375847558573e+01
2.570054777736849871e+01
2.471625725750153180e+01
2.338387526599524335e+01
2.424550761097301432e+01
2.288582108773900003e+01
2.145216606422305006e+01
2.542354957142853422e+01
2.510429240765410697e+01
2.521684014989640943e+01
2.141123169853319297e+01
2.700046818683159700e+01
2.064790388416691513e+01
2.780443544144295487e+01
2.517210507868902880e+01
2.411293510355647385e+01
2.397931602062462986e+01
2.111102616903177420e+01
2.388345250330146996e+01
2.454805928657804870e+01
2.309987639800568360e+01
2.532448311748177261e+01
2.413756280733640125e+01
2.495296711031139125e+01
2.306624266852459471e+01
2.187332225809008435e+01
2.375805903766201510e+01
2.520476656913879765e+01
2.371503517334529221e+01
2.259226055391375354e+01
2.339167019710360407e+01
2.386993814356837618e+01
2.686018951593872472e+01
2.464138191514940246e+01
2.310720326768137767e+01
2.502957059218336866e+01
2.352398401644540371e+01
2.324568925660910423e+01
2.261183152064459989e+01
2.202202701779976479e+01
2.540945301489132646e+01
2.422864827280309186e+01
2.454365102184368297e+01
2.563862171797003953e+01
2.451139479691142853e+01
2.463202684347520943e+01
2.460321018829503714e+01
2.331229008085741583e+01
2.358899814026732855e+01
2.363660040448996114e+01
2.235914553353097034e+01
2.345852861257160527e+01
2.625569497933728513e+01
2.298162652213411050e+01
2.447560460526398174e+01
2.414338916195135099e+01
2.701456178293206634e+01
2.631735458737107791e+01
2.503961633965958100e+01
2.363024115467065656e+01
2.446611561051285122e+01
2.279159685046331418e+01
2.139945109699580073e+01
2.634944558116714575e+01
2.542508432564902421e+01
2.247958405176345664e+01
2.336214921703135516e+01
2.399965253149520450e+01
2.379408381906488046e+01
2.480724698080544854e+01
2.266938311611382062e+01
2.629377389816267652e+01
2.346920949847261539e+01
2.105955317858963838e+01
2.393957300513388731e+01
2.373857627213584109e+01
2.426705640316684764e+01
2.552322911280178275e+01
2.458298181816546801e+01
2.357624472447212938e+01
2.259125365693624232e+01
2.342338196153942675e+01
2.195761859033970254e+01
2.445029774617460916e+01
2.186069335301590755e+01
2.480990055779685122e+01
2.471545969011435062e+01
2.536654868017426523e+01
2.648216525238960628e+01
2.339439686084947212e+01
2.321804615391061333e+01
2.243097673134794690e+01
2.461845726217408270e+01
2.423950506574037433e+01
2.402145315221834565e+01
2.502059771185465564e+01
2.607913899846407446e+01
2.455989970782857768e+01
2.531936310298939574e+01
2.283011021622879611e+01
2.567950054652109770e+01
2.142153280317323905e+01
2.138782106910797154e+01
2.140410142372376612e+01
2.220061815501698632e+01
2.459007841785178528e+01
2.335365548827183702e+01
2.607328893907857648e+01
2.320657134468308413e+01
2.279191526470134832e+01
2.607947689820061044e+01
2.492840638468136305e+01
2.186232577286624945e+01
2.242666228771244974e+01
2.503531316523442030e+01
2.392243710796302736e+01
2.129775803681121715e+01
2.099728673423333802e+01
2.373096983210552935e+01
2.733001136064781278e+01
2.556632533014411024e+01
2.448227714671654098e+01
2.416915826143261370e+01
2.504610735629874796e+01
2.422617360585650914e+01
2.451301971261703727e+01
2.538056267335677418e+01
2.045980658471216884e+01
2.432920942544037501e+01
2.187908071785493291e+01
2.469215984786869100e+01
2.414379993883166264e+01
2.423914905435524503e+01
2.717491112938993680e+01
2.445310164628269689e+01
2.233365998725282964e+01
2.567145184630918564e+01
2.671390921506392502e+01
2.445733774565271545e+01
2.253871859248858911e+01
2.378734268862375600e+01
2.406986738226944311e+01
2.572472454836698574e+01
2.167941972070678958e+01
2.533471824831601538e+01
2.446800834778370159e+01
2.656549692414544950e+01
2.421735855157738726e+01
2.551675901188790974e+01
2.602713104044196513e+01
2.518955593696848183e+01
2.450100953717396024e+01
2.527719983802237991e+01
2.348399033748979292e+01
2.523806294943659623e+01
2.415359387457392870e+01
2.652335518948982696e+01
2.494861871830686439e+01
2.408619522354639386e+01
2.221854068282560490e+01
2.388399549711201786e+01
2.497062803449303203e+01
2.512139592123218890e+01
2.396644922859870874e+01
2.343458585188449916e+01
2.420305321237051643e+01
2.338817303962882121e+01
2.424315071855325243e+01
2.703440121844095856e+01
2.363593102231654797e+01
2.688253159481610055e+01
2.535673602307934971e+01
2.795428748801899843e+01
2.341023261994250149e+01
2.617424013830941476e+01
2.456425549478988302e+01
2.396411801904691075e+01
2.166253189861623341e+01
2.413343356979562770e+01
2.262186310761460106e+01
2.554028977136746548e+01
2.447569690551628696e+01
2.187339760516715259e+01
2.632732463510365051e+01
2.196898706076415664e+01
2.394811015143160660e+01
2.439779326942836946e+01
2.336281485873792718e+01
2.498101887139343802e+01
2.348749889325873852e+01
2.395351889503540121e+01
2.231343538484865618e+01
2.330563493607326109e+01
2.230834277093832441e+01
2.319181906811261484e+01
2.012712911077792199e+01
2.213645185086243572e+01
2.504695353516602196e+01
2.638411617848908719e+01
2.374353668394083172e+01
2.364785601395633918e+01
2.442557766045690215e+01
2.654670291292929818e+01
2.468568641596509394e+01
2.573402685206399454e+01
2.766308393692009560e+01
2.307208326135805265e+01
2.539164020991093551e+01
2.375181766555301621e+01
2.422261518222144616e+01
2.108921913790580049e+01
2.399611489760209082e+01
2.361960834590872693e+01
2.084502552072189019e+01
2.425890574931653276e+01
2.605505206811790231e+01
2.221622831575037793e+01
2.353178752913018457e+01
2.508664184989700985e+01
2.617854069610067214e+01
2.267230698821729362e+01
2.453296260023007491e+01
2.571510368732300833e+01
2.742143210528524833e+01
2.522590645078689420e+01
2.528225264268762729e+01
2.299466826580436418e+01
2.609659203275364447e+01
2.426210718073009076e+01
2.268286517416989767e+01
2.532385720746098201e+01
2.309952393495867184e+01
2.163601078208093398e+01
2.300779205451897269e+01
2.285154794658767941e+01
2.331631047545021573e+01
2.617544827355381898e+01
2.526595332717545261e+01
2.431957457460729088e+01
2.289863010660167930e+01
2.169686971179059043e+01
2.498430680145713723e+01
2.676189485514856869e+01
2.501298645825522726e+01
2.293308546766212785e+01
2.513849580542674289e+01
2.314662801874511899e+01
2.259177625126260125e+01
2.496736170059192972e+01
2.189339185806979060e+01
2.580640083347066849e+01
2.293083370803446286e+01
2.808603112766134302e+01
2.220534835623783110e+01
2.370823825267850893e+01
2.423871689963372944e+01
2.641824391282409579e+01
2.620477690329223464e+01
2.408849952718220777e+01
2.187391935122398579e+01
2.301224014165660137e+01
2.382531814672706361e+01
2.114680494894863472e+01
2.402485260851650750e+01
2.252529197325372934e+01
2.528997958020750048e+01
2.545018065532594775e+01
2.309238697577973909e+01
2.508295279672397271e+01
2.549145626252136054e+01
2.683439877383951710e+01
2.555741502873240734e+01
2.268726536159489626e+01
2.405605171828483080e+01
2.368490512209113419e+01
2.283898448299889239e+01
2.646106064590195217e+01
2.387458300656242471e+01
2.383942756377336281e+01
2.169400095876737566e+01
2.484979679076770154e+01
2.700589850645803836e+01
2.586556151608403553e+01
2.438757733635408087e+01
2.604240570882267036e+01
2.469285262606767262e+01
2.281365490358303560e+01
2.323757124324075463e+01
2.376116620636164356e+01
2.324409069992292842e+01
2.404030054996461985e+01
2.886010653874408405e+01
2.527257746396438876e+01
2.311970440644538982e+01
2.282932105728867000e+01
2.544917046730708066e+01
2.510054118925657107e+01
2.472655019764273021e+01
2.334969159174037401e+01
2.564376710096884082e+01
2.288621669164500361e+01
2.615728603830356036e+01
2.532827736627558934e+01
2.391787736372834061e+01
2.436029761456921960e+01
2.565757753944843955e+01
2.455253760295254750e+01
2.575848272476305567e+01
2.381165495841684532e+01
2.795947364663027912e+01
2.475111404970194684e+01
2.135267517061792830e+01
2.414951163022136882e+01
2.601900421013512954e+01
2.194062523750487870e+01
2.106441674477719417e+01
2.377969917374374731e+01
2.159163626312843576e+01
2.623705796269950596e+01
2.604038190512542883e+01
2.104290941920961444e+01
2.495982547128140538e+01
2.387903056242208777e+01
2.410173796756462039e+01
2.588660934749965392e+01
2.371344062670769048e+01
2.567225165929720987e+01
2.711244920811583370e+01
2.433217869869228522e+01
2.212502709745422891e+01
2.156128350654837078e+01
2.372211258905279152e+01
2.121988892884921540e+01
2.127432279081860855e+01
2.442801525589619160e+01
2.175745763073789618e+01
2.410547859518778324e+01
2.352321146447104638e+01
2.429519077383821823e+01
2.465462142148803082e+01
2.175972703985422640e+01
2.589716551761281238e+01
2.778374680306448852e+01
2.091549703369683044e+01
2.480330697460534495e+01
2.644180130975188092e+01
2.506777029029905179e+01
2.254229372400183706e+01
2.220129372913268284e+01
2.428677025764446284e+01
2.467052914264965580e+01
2.753255243522376361e+01
2.325735331661149985e+01
2.430041770522841205e+01
2.448763970677674706e+01
2.347662075149885652e+01
2.281684286562607866e+01
2.481572495586798155e+01
2.589033825603870298e+01
2.174058584024916030e+01
2.450107490161324009e+01
2.629411128334042758e+01
2.138747731192543711e+01
2.537111568904713721e+01
2.590194712652921538e+01
2.527704774891682149e+01
2.263249353906880401e+01
2.589056622654748452e+01
2.410441847440106855e+01
2.518026219132280730e+01
2.354657850644496619e+01
2.512938417037545946e+01
2.302607248250200200e+01
2.606353745922894305e+01
2.433410212477403434e+01
2.428521845909101984e+01
2.824809472593297244e+01
2.603601844355018713e+01
2.497774437478613407e+01
2.129447250693516125e+01
2.245707099950800512e+01
2.135789384902282961e+01
2.300275156095842988e+01
2.370624554927749372e+01
2.279858762451151932e+01
2.345036864549908628e+01
2.288541120001957552e+01
2.308892601129660349e+01
2.422805394202448070e+01
2.645774947258025378e+01
2.346824475997348713e+01
2.231087198192519239e+01
2.463322344407064435e+01
2.470876018867103241e+01
2.525468094412896392e+01
2.472236020953566893e+01
2.561620975463879901e+01
2.506851917589564493e+01
2.527545694769400342e+01
2.544680604061895934e+01
2.464823518134484459e+01
2.444281512100524978e+01
2.529781475508529098e+01
2.515397295764018537e+01
2.458671778084914905e+01
2.523348453294106974e+01
2.164166125462976353e+01
2.413273798443758267e+01
2.284579308686145183e+01
2.506916168991405414e+01
2.348496463497815512e+01
2.545667726657229935e+01
2.512257980521123102e+01
1.950682500293529387e+01
2.404455911294535042e+01
2.470983034762210551e+01
2.514895649125932664e+01
2.423758536115586892e+01
2.517696589140224006e+01
2.526404249673159086e+01
2.333626496342926870e+01
2.489043642328837791e+01
2.359075991795371507e+01
2.282766238084534294e+01
2.265573851849546827e+01
2.340190301578789445e+01
2.398312669790689000e+01
2.434244693671473669e+01
2.464648279802788977e+01
2.290018058495176234e+01
2.442498911629472147e+01
2.420647566571863152e+01
2.337421515755456625e+01
2.452956815492338194e+01
2.276773207047731518e+01
2.484821656705367587e+01
2.732659474515661202e+01
2.631846465052347384e+01
2.270635976532648215e+01
2.299068160935641103e+01
2.716605480573008435e+01
2.661528001989224990e+01
2.091261143536944545e+01
1.962610067829728422e+01
2.308629610200468463e+01
2.755875126947359988e+01
2.522377728746169367e+01
2.727394625301348441e+01
2.474123943667633796e+01
2.136244938633595325e+01
2.458408163236754262e+01
2.409093718373606308e+01
2.349802472800736908e+01
2.709120299402155041e+01
2.326127983285959999e+01
2.581916217277172620e+01
2.404172357371474789e+01
2.480667328319434972e+01
2.594409265879688675e+01
